
q = [4 5 6 7 8  ; 1 3 9 9 7 ]
aa = q(1:end,1:3)
